53
54
  0.4325  0.6994
  0.4092  0.6959
  0.3997  0.6933
  0.3937  0.6890
  0.3902  0.6812
  0.3876  0.6761
  0.3816  0.6726
  0.3738  0.6709
  0.3660  0.6666
  0.3582  0.6622
  0.3505  0.6562
  0.3410  0.6484
  0.3340  0.6363
  0.3297  0.6346
  0.3271  0.6329
  0.3211  0.6234
  0.3185  0.6156
  0.3254  0.6018
  0.3315  0.5940
  0.3332  0.5888
  0.3418  0.5776
  0.3496  0.5707
  0.3565  0.5620
  0.3660  0.5542
  0.3747  0.5473
  0.3816  0.5387
  0.3842  0.5309
  0.3902  0.5223
  0.3963  0.5188
  0.4049  0.5162
  0.4109  0.5162
  0.4187  0.5188
  0.4230  0.5249
  0.4300  0.5300
  0.4308  0.5344
  0.4282  0.5439
  0.4282  0.5491
  0.4282  0.5568
  0.4204  0.5629
  0.4084  0.5681
  0.4058  0.5707
  0.4014  0.5707
  0.3963  0.5707
  0.3911  0.5715
  0.3893  0.5732
  0.3868  0.5767
  0.3850  0.5793
  0.3807  0.5862
  0.3747  0.5966
  0.3729  0.6009
  0.3712  0.6061
  0.3686  0.6130
  0.3677  0.6156
  0.3677  0.6156
18
  0.3764  0.5957
  0.3816  0.5992
  0.3868  0.5992
  0.3893  0.6009
  0.3945  0.6044
  0.4014  0.6087
  0.4049  0.6113
  0.4049  0.6130
  0.4109  0.6164
  0.4144  0.6190
  0.4153  0.6199
  0.4196  0.6277
  0.4213  0.6294
  0.4256  0.6311
  0.4291  0.6329
  0.4317  0.6329
  0.4343  0.6320
  0.4369  0.6329
15
  0.4040  0.5698
  0.4006  0.5845
  0.4075  0.5836
  0.4135  0.5793
  0.4213  0.5724
  0.4300  0.5681
  0.4369  0.5646
  0.4429  0.5629
  0.4481  0.5603
  0.4516  0.5551
  0.4498  0.5516
  0.4429  0.5482
  0.4343  0.5491
  0.4308  0.5534
  0.4300  0.5534
11
  0.3997  0.5154
  0.3963  0.5093
  0.3928  0.5059
  0.3868  0.5041
  0.3842  0.5041
  0.3798  0.5050
  0.3772  0.5084
  0.3790  0.5171
  0.3833  0.5231
  0.3842  0.5266
  0.3850  0.5266
4
  0.4351  0.5646
  0.6252  0.8195
  0.4222  0.5758
  0.4230  0.5732
3
  0.4602  0.6942
  0.4930  0.6787
  0.4913  0.6778
56
  0.5509  0.6985
  0.5587  0.6985
  0.5639  0.6977
  0.5691  0.6968
  0.5708  0.6951
  0.5751  0.6942
  0.5794  0.6925
  0.5829  0.6882
  0.5855  0.6838
  0.5889  0.6804
  0.5915  0.6752
  0.5924  0.6726
  0.5924  0.6614
  0.5984  0.6596
  0.6088  0.6519
  0.6148  0.6493
  0.6226  0.6467
  0.6364  0.6398
  0.6416  0.6355
  0.6477  0.6294
  0.6511  0.6234
  0.6555  0.6164
  0.6606  0.6121
  0.6658  0.6104
  0.6753  0.6104
  0.6814  0.6130
  0.6874  0.6173
  0.6961  0.6216
  0.7038  0.6294
  0.7125  0.6398
  0.7246  0.6501
  0.7367  0.6622
  0.7375  0.6726
  0.7358  0.6761
  0.7349  0.6804
  0.7349  0.6830
  0.7393  0.6977
  0.7410  0.6994
  0.7462  0.7054
  0.7531  0.7020
  0.7591  0.6985
  0.7669  0.6951
  0.7730  0.6942
  0.7747  0.6864
  0.7695  0.6812
  0.7643  0.6795
  0.7609  0.6804
  0.7565  0.6812
  0.7557  0.6778
  0.7565  0.6761
  0.7591  0.6752
  0.7635  0.6717
  0.7678  0.6657
  0.7704  0.6579
  0.7652  0.6553
  0.7643  0.6536
18
  0.5783  0.6311
  0.5757  0.6277
  0.5714  0.6234
  0.5679  0.6173
  0.5636  0.6104
  0.5610  0.6035
  0.5524  0.6009
  0.5454  0.6052
  0.5385  0.6061
  0.5308  0.6061
  0.5212  0.6044
  0.5126  0.6000
  0.5031  0.5957
  0.4893  0.5966
  0.4832  0.5974
  0.4746  0.5974
  0.4711  0.5992
  0.4685  0.6035
35
  0.5584  0.5974
  0.5541  0.5879
  0.5515  0.5767
  0.5524  0.5715
  0.5472  0.5586
  0.5454  0.5534
  0.5454  0.5421
  0.5454  0.5335
  0.5454  0.5257
  0.5454  0.5128
  0.5428  0.5033
  0.5368  0.4972
  0.5342  0.4903
  0.5273  0.4877
  0.5195  0.4851
  0.5100  0.4834
  0.4962  0.4825
  0.4884  0.4825
  0.4815  0.4843
  0.4763  0.4860
  0.4685  0.4877
  0.4616  0.4894
  0.4556  0.4946
  0.4530  0.4981
  0.4487  0.5041
  0.4469  0.5102
  0.4426  0.5154
  0.4418  0.5197
  0.4400  0.5231
  0.4392  0.5275
  0.4392  0.5300
  0.4392  0.5318
  0.4400  0.5430
  0.4400  0.5456
  0.4400  0.5465
4
  0.4202  0.6242
  0.4271  0.6061
  0.4271  0.5888
  0.4262  0.5819
32
  0.5624  0.6018
  0.5659  0.6009
  0.5693  0.5948
  0.5728  0.5914
  0.5780  0.5897
  0.5892  0.5862
  0.6004  0.5819
  0.6125  0.5767
  0.6350  0.5732
  0.6549  0.5646
  0.6566  0.5594
  0.6618  0.5577
  0.6704  0.5560
  0.6756  0.5620
  0.6843  0.5629
  0.7007  0.5732
  0.7093  0.5819
  0.7136  0.5871
  0.7188  0.5957
  0.7275  0.5983
  0.7292  0.6069
  0.7335  0.6156
  0.7352  0.6216
  0.7396  0.6268
  0.7473  0.6294
  0.7516  0.6294
  0.7586  0.6285
  0.7612  0.6311
  0.7612  0.6320
  0.7698  0.6355
  0.7741  0.6372
  0.7758  0.6380
9
  0.7681  0.6700
  0.7681  0.6700
  0.7732  0.6726
  0.7776  0.6743
  0.7802  0.6761
  0.7836  0.6787
  0.7845  0.6830
  0.7853  0.6864
  0.7845  0.6856
16
  0.7741  0.6562
  0.7776  0.6527
  0.7793  0.6527
  0.7828  0.6545
  0.7871  0.6571
  0.7871  0.6579
  0.7897  0.6588
  0.7923  0.6631
  0.7948  0.6683
  0.8009  0.6795
  0.7957  0.6847
  0.7905  0.6856
  0.7836  0.6873
  0.7758  0.6959
  0.7732  0.6977
  0.7724  0.6977
12
  0.7758  0.6476
  0.7750  0.6432
  0.7750  0.6389
  0.7819  0.6346
  0.7905  0.6355
  0.7983  0.6398
  0.8026  0.6424
  0.7992  0.6493
  0.8000  0.6527
  0.7957  0.6596
  0.7940  0.6614
  0.7905  0.6605
42
  0.6644  0.6942
  0.6773  0.7426
  0.6981  0.7676
  0.7240  0.7936
  0.7447  0.8057
  0.7707  0.8126
  0.7793  0.8134
  0.7948  0.8134
  0.8026  0.8152
  0.8467  0.8031
  0.8596  0.7979
  0.8795  0.7780
  0.8899  0.7547
  0.8951  0.7409
  0.9028  0.7175
  0.9054  0.6968
  0.9080  0.6726
  0.9080  0.6467
  0.9028  0.6199
  0.8994  0.6035
  0.8942  0.5853
  0.8916  0.5698
  0.8882  0.5560
  0.8838  0.5447
  0.8830  0.5396
  0.8804  0.5292
  0.8735  0.5136
  0.8657  0.4955
  0.8588  0.4877
  0.8458  0.4808
  0.8260  0.4748
  0.8052  0.4704
  0.7707  0.4635
  0.7516  0.4652
  0.7387  0.4756
  0.7223  0.4938
  0.7059  0.5093
  0.6981  0.5240
  0.6920  0.5378
  0.6894  0.5473
  0.6860  0.5542
  0.6868  0.5620
9
  0.6644  0.6925
  0.6652  0.6735
  0.6661  0.6588
  0.6687  0.6441
  0.6696  0.6372
  0.6704  0.6242
  0.6713  0.6164
  0.6722  0.6113
  0.6722  0.6113
11
  0.7732  0.6977
  0.7681  0.7063
  0.7715  0.7132
  0.7724  0.7149
  0.7698  0.7201
  0.7663  0.7219
  0.7603  0.7219
  0.7577  0.7193
  0.7560  0.7098
  0.7568  0.7037
  0.7577  0.7028
12
  0.7966  0.6346
  0.8000  0.6294
  0.8035  0.6268
  0.8069  0.6251
  0.8104  0.6164
  0.8095  0.6095
  0.8035  0.6087
  0.7957  0.6069
  0.7897  0.6095
  0.7810  0.6164
  0.7732  0.6372
  0.7750  0.6372
82
  0.5483  0.5047
  0.5587  0.4822
  0.5639  0.4762
  0.5691  0.4719
  0.5777  0.4606
  0.5855  0.4529
  0.5941  0.4442
  0.6036  0.4347
  0.6079  0.4269
  0.6114  0.4200
  0.6174  0.4105
  0.6235  0.3941
  0.6261  0.3924
  0.6278  0.3907
  0.6330  0.3656
  0.6347  0.3604
  0.6373  0.3492
  0.6382  0.3440
  0.6373  0.3345
  0.6373  0.3241
  0.6382  0.3129
  0.6382  0.3025
  0.6382  0.2930
  0.6382  0.2801
  0.6382  0.2697
  0.6399  0.2593
  0.6425  0.2498
  0.6460  0.2429
  0.6477  0.2369
  0.6494  0.2317
  0.6511  0.2274
  0.6555  0.2222
  0.6598  0.2153
  0.6658  0.2084
  0.6762  0.2032
  0.6848  0.1980
  0.6935  0.1937
  0.7038  0.1919
  0.7125  0.1902
  0.7116  0.1764
  0.7056  0.1729
  0.6848  0.1738
  0.6753  0.1729
  0.6606  0.1747
  0.6460  0.1721
  0.6295  0.1729
  0.6079  0.1738
  0.5976  0.1738
  0.5907  0.1781
  0.5881  0.1859
  0.5889  0.1928
  0.5907  0.1980
  0.5907  0.1988
  0.5907  0.2040
  0.5907  0.2127
  0.5872  0.2230
  0.5881  0.2386
  0.5872  0.2507
  0.5863  0.2654
  0.5863  0.2766
  0.5846  0.2913
  0.5837  0.3068
  0.5829  0.3198
  0.5829  0.3250
  0.5777  0.3345
  0.5760  0.3526
  0.5777  0.3578
  0.5708  0.3596
  0.5673  0.3604
  0.5630  0.3647
  0.5578  0.3691
  0.5544  0.3699
  0.5475  0.3734
  0.5414  0.3786
  0.5354  0.3837
  0.5293  0.3872
  0.5241  0.3898
  0.5198  0.3932
  0.5155  0.3967
  0.5103  0.3993
  0.5051  0.4028
  0.5051  0.4045
81
  0.4386  0.5108
  0.4274  0.4866
  0.4222  0.4822
  0.4213  0.4701
  0.4179  0.4546
  0.4144  0.4390
  0.4144  0.4192
  0.4170  0.4028
  0.4161  0.3941
  0.4127  0.3777
  0.4092  0.3604
  0.4066  0.3423
  0.4032  0.3302
  0.3988  0.3207
  0.3997  0.3060
  0.3997  0.3181
  0.3928  0.3181
  0.3876  0.3189
  0.3807  0.3146
  0.3764  0.3103
  0.3747  0.2999
  0.3738  0.2973
  0.3721  0.2956
  0.3669  0.2835
  0.3652  0.2792
  0.3608  0.2688
  0.3591  0.2636
  0.3591  0.2541
  0.3591  0.2455
  0.3591  0.2386
  0.3565  0.2317
  0.3531  0.2274
  0.3513  0.2213
  0.3513  0.2179
  0.3522  0.2153
  0.3513  0.2075
  0.3522  0.1980
  0.3513  0.1945
  0.3548  0.1859
  0.3634  0.1755
  0.3712  0.1703
  0.3824  0.1686
  0.3902  0.1677
  0.4006  0.1686
  0.4049  0.1721
  0.4101  0.1764
  0.4066  0.1850
  0.4032  0.1928
  0.4032  0.1945
  0.4006  0.1988
  0.3963  0.2075
  0.3971  0.2084
  0.3980  0.2127
  0.4006  0.2196
  0.4084  0.2317
  0.4101  0.2377
  0.4144  0.2420
  0.4170  0.2464
  0.4239  0.2524
  0.4300  0.2593
  0.4343  0.2654
  0.4360  0.2732
  0.4429  0.2818
  0.4490  0.2939
  0.4516  0.3060
  0.4541  0.3146
  0.4602  0.3233
  0.4628  0.3336
  0.4654  0.3397
  0.4671  0.3449
  0.4688  0.3509
  0.4697  0.3578
  0.4740  0.3647
  0.4775  0.3734
  0.4801  0.3812
  0.4844  0.3924
  0.4904  0.4028
  0.4948  0.4088
  0.4982  0.4157
  0.5025  0.4209
  0.5051  0.4166
7
  0.5224  0.5462
  0.5250  0.5384
  0.5267  0.5315
  0.5302  0.5211
  0.5310  0.5064
  0.5328  0.4987
  0.5336  0.4978
6
  0.5094  0.5410
  0.4991  0.5254
  0.4956  0.5116
  0.4922  0.4978
  0.4896  0.4900
  0.4896  0.4900
7
  0.4541  0.5833
  0.4559  0.5781
  0.4593  0.5721
  0.4628  0.5678
  0.4706  0.5626
  0.4740  0.5591
  0.4723  0.5609
7
  0.4507  0.5609
  0.4507  0.5565
  0.4524  0.5505
  0.4593  0.5444
  0.4645  0.5375
  0.4671  0.5349
  0.4662  0.5349
6
  0.4455  0.5358
  0.4464  0.5324
  0.4507  0.5263
  0.4559  0.5185
  0.4619  0.5142
  0.4636  0.5133
12
  0.4196  0.4019
  0.4179  0.3941
  0.4161  0.3820
  0.4187  0.3742
  0.4179  0.3613
  0.4187  0.3518
  0.4213  0.3414
  0.4248  0.3293
  0.4317  0.3233
  0.4334  0.3224
  0.4377  0.3181
  0.4412  0.3164
14
  0.4351  0.2680
  0.4351  0.2688
  0.4334  0.2740
  0.4282  0.2792
  0.4230  0.2835
  0.4187  0.2878
  0.4144  0.2904
  0.4058  0.2922
  0.3997  0.2939
  0.3945  0.2982
  0.3919  0.2991
  0.3885  0.3025
  0.3833  0.3146
  0.3868  0.3189
10
  0.6364  0.3233
  0.6313  0.3172
  0.6261  0.3129
  0.6166  0.3068
  0.6079  0.3051
  0.6019  0.3051
  0.5898  0.3025
  0.5829  0.3017
  0.5803  0.3025
  0.5863  0.3051
10
  0.5907  0.3714
  0.5863  0.3722
  0.5751  0.3765
  0.5665  0.3809
  0.5578  0.3852
  0.5475  0.3895
  0.5380  0.4007
  0.5354  0.4042
  0.5345  0.4059
  0.5345  0.4059
2
  0.4533  0.7040
  0.4550  0.7052
56
  0.4564  0.7031
  0.4564  0.7083
  0.4616  0.7152
  0.4634  0.7239
  0.4625  0.7316
  0.4625  0.7351
  0.4590  0.7437
  0.4547  0.7515
  0.4495  0.7576
  0.4435  0.7679
  0.4400  0.7800
  0.4374  0.7956
  0.4383  0.8129
  0.4444  0.8310
  0.4487  0.8440
  0.4599  0.8569
  0.4780  0.8682
  0.4901  0.8708
  0.5040  0.8699
  0.5187  0.8664
  0.5299  0.8656
  0.5368  0.8621
  0.5428  0.8595
  0.5489  0.8526
  0.5532  0.8457
  0.5584  0.8422
  0.5722  0.8379
  0.5852  0.8362
  0.5938  0.8336
  0.6042  0.8258
  0.6085  0.8189
  0.6111  0.8120
  0.6120  0.8016
  0.6128  0.7921
  0.6137  0.7835
  0.6137  0.7731
  0.6120  0.7757
  0.6085  0.7826
  0.6059  0.7895
  0.5981  0.7964
  0.5904  0.8016
  0.5835  0.8034
  0.5774  0.8051
  0.5740  0.8060
  0.5696  0.8068
  0.5653  0.8068
  0.5567  0.8051
  0.5532  0.8042
  0.5463  0.8034
  0.5385  0.8016
  0.5264  0.7973
  0.5135  0.7939
  0.5014  0.7939
  0.4901  0.8008
  0.4858  0.8077
  0.4841  0.8094
12
  0.5117  0.7921
  0.5040  0.7930
  0.4996  0.7826
  0.4988  0.7740
  0.4988  0.7628
  0.5048  0.7524
  0.5152  0.7437
  0.5238  0.7360
  0.5308  0.7291
  0.5359  0.7239
  0.5385  0.7178
  0.5385  0.7178
17
  0.5397  0.8422
  0.5336  0.8371
  0.5284  0.8362
  0.5250  0.8371
  0.5198  0.8396
  0.5138  0.8431
  0.5086  0.8466
  0.5025  0.8474
  0.4982  0.8474
  0.4965  0.8457
  0.5043  0.8440
  0.5043  0.8396
  0.5068  0.8345
  0.5112  0.8319
  0.5172  0.8284
  0.5224  0.8267
  0.5233  0.8250
6
  0.4939  0.8379
  0.4939  0.8371
  0.4948  0.8301
  0.4982  0.8250
  0.5025  0.8215
  0.5025  0.8215
7
  0.5284  0.8362
  0.5284  0.8362
  0.5259  0.8319
  0.5233  0.8284
  0.5181  0.8301
  0.5181  0.8353
  0.5181  0.8371
27
  0.5656  0.8388
  0.5639  0.8362
  0.5596  0.8301
  0.5578  0.8258
  0.5544  0.8215
  0.5500  0.8206
  0.5431  0.8189
  0.5380  0.8172
  0.5328  0.8163
  0.5284  0.8172
  0.5241  0.8163
  0.5189  0.8155
  0.5164  0.8155
  0.5155  0.8137
  0.5181  0.8146
  0.5224  0.8155
  0.5302  0.8155
  0.5354  0.8155
  0.5371  0.8155
  0.5423  0.8137
  0.5449  0.8137
  0.5475  0.8137
  0.5518  0.8120
  0.5561  0.8111
  0.5621  0.8060
  0.5621  0.8068
  0.5621  0.8068
8
  0.5535  0.8431
  0.5492  0.8440
  0.5466  0.8405
  0.5440  0.8319
  0.5423  0.8267
  0.5397  0.8215
  0.5362  0.8198
  0.5319  0.8189
7
  0.4706  0.8440
  0.4697  0.8431
  0.4697  0.8405
  0.4688  0.8336
  0.4723  0.8258
  0.4749  0.8224
  0.4766  0.8206
12
  0.4636  0.8172
  0.4636  0.8137
  0.4645  0.8042
  0.4671  0.7913
  0.4697  0.7731
  0.4783  0.7532
  0.4896  0.7386
  0.4982  0.7273
  0.5051  0.7170
  0.5077  0.7057
  0.5068  0.6971
  0.5068  0.6980
22
  0.4567  0.7100
  0.4533  0.7178
  0.4498  0.7273
  0.4386  0.7412
  0.4204  0.7550
  0.3971  0.7740
  0.3772  0.7869
  0.3582  0.7904
  0.3461  0.7861
  0.3548  0.7792
  0.3790  0.7688
  0.3859  0.7515
  0.3591  0.7481
  0.3496  0.7429
  0.3574  0.7299
  0.3833  0.7273
  0.3954  0.7187
  0.3798  0.7083
  0.3755  0.6997
  0.3893  0.6945
  0.3971  0.6850
  0.3945  0.6893
50
  0.3608  0.7930
  0.3358  0.8111
  0.3124  0.8198
  0.2848  0.8267
  0.2520  0.8336
  0.2131  0.8310
  0.1820  0.8276
  0.1777  0.8206
  0.2001  0.8163
  0.2191  0.8120
  0.2399  0.8051
  0.2718  0.7999
  0.2978  0.7921
  0.3263  0.7844
  0.3064  0.7671
  0.2667  0.7748
  0.2148  0.7766
  0.1751  0.7662
  0.1621  0.7498
  0.1854  0.7420
  0.2209  0.7420
  0.2554  0.7403
  0.2805  0.7386
  0.2986  0.7360
  0.2995  0.7239
  0.2718  0.7178
  0.2494  0.7031
  0.2235  0.6824
  0.1993  0.6496
  0.2062  0.6297
  0.2330  0.6444
  0.2615  0.6625
  0.2943  0.6833
  0.3176  0.6919
  0.3142  0.6781
  0.3029  0.6573
  0.2926  0.6349
  0.2883  0.6064
  0.2969  0.5865
  0.3055  0.5995
  0.3142  0.6072
  0.3237  0.6038
  0.3202  0.5917
  0.3202  0.5692
  0.3202  0.5502
  0.3358  0.5260
  0.3427  0.5295
  0.3479  0.5468
  0.3522  0.5597
  0.3539  0.5658
41
  0.2174  0.8339
  0.2088  0.8373
  0.1898  0.8417
  0.1647  0.8486
  0.1371  0.8520
  0.0982  0.8503
  0.0783  0.8399
  0.0826  0.8252
  0.1111  0.8209
  0.1362  0.8140
  0.1569  0.8088
  0.1258  0.7976
  0.1016  0.7950
  0.0818  0.7820
  0.0679  0.7648
  0.0844  0.7423
  0.1155  0.7518
  0.1474  0.7535
  0.1466  0.7440
  0.1172  0.7198
  0.0895  0.6887
  0.0852  0.6524
  0.1051  0.6447
  0.1388  0.6706
  0.1638  0.6818
  0.1500  0.6516
  0.1327  0.6049
  0.1422  0.5643
  0.1630  0.5816
  0.1941  0.6118
  0.1975  0.5989
  0.1846  0.5462
  0.1993  0.5177
  0.2235  0.5280
  0.2546  0.5781
  0.2736  0.5704
  0.2710  0.5315
  0.2995  0.5012
  0.3116  0.5185
  0.3245  0.5514
  0.3245  0.5505
8
  0.5544  0.7363
  0.5552  0.7414
  0.5570  0.7501
  0.5587  0.7639
  0.5552  0.7803
  0.5518  0.8002
  0.5500  0.8088
  0.5526  0.8045
14
  0.5319  0.7967
  0.5310  0.7881
  0.5354  0.7743
  0.5336  0.7579
  0.5319  0.7440
  0.5259  0.7484
  0.5259  0.7700
  0.5094  0.7907
  0.5017  0.7916
  0.5025  0.7820
  0.5086  0.7682
  0.5120  0.7579
  0.5129  0.7509
  0.5129  0.7492
19
  0.5509  0.8564
  0.5483  0.8615
  0.5397  0.8762
  0.5259  0.8918
  0.4982  0.9091
  0.4680  0.9203
  0.4593  0.9186
  0.4775  0.9073
  0.4904  0.8961
  0.4878  0.8857
  0.4619  0.8944
  0.4300  0.8996
  0.4300  0.8849
  0.4662  0.8771
  0.4835  0.8693
  0.4749  0.8667
  0.4464  0.8624
  0.4377  0.8520
  0.4507  0.8434
10
  0.5716  0.6939
  0.5786  0.7069
  0.5881  0.7233
  0.5907  0.7423
  0.5820  0.7596
  0.5768  0.7518
  0.5682  0.7302
  0.5639  0.7129
  0.5613  0.7008
  0.5596  0.6982
16
  0.4204  0.4678
  0.4109  0.4592
  0.3893  0.4367
  0.3608  0.4203
  0.3436  0.4100
  0.3418  0.3875
  0.3660  0.3909
  0.3842  0.4022
  0.3712  0.3814
  0.3643  0.3564
  0.3755  0.3443
  0.3902  0.3590
  0.4014  0.3737
  0.3997  0.3676
  0.3971  0.3339
  0.4006  0.3305
25
  0.3384  0.3970
  0.3280  0.3866
  0.3004  0.3754
  0.2606  0.3469
  0.2364  0.3244
  0.2304  0.2959
  0.2675  0.2907
  0.2943  0.3089
  0.3263  0.3374
  0.3505  0.3590
  0.3470  0.3564
  0.3055  0.3045
  0.2692  0.2596
  0.2502  0.2302
  0.2641  0.2164
  0.2813  0.2130
  0.3081  0.2285
  0.3349  0.2544
  0.3582  0.2812
  0.3652  0.2881
  0.3470  0.2518
  0.3289  0.2216
  0.3297  0.2017
  0.3427  0.2009
  0.3496  0.2043
9
  0.5092  0.3987
  0.5074  0.3918
  0.5022  0.3590
  0.4996  0.3434
  0.4919  0.3218
  0.4824  0.3184
  0.4737  0.3261
  0.4711  0.3374
  0.4668  0.3365
17
  0.4904  0.3175
  0.4904  0.3028
  0.4887  0.2786
  0.4870  0.2536
  0.4870  0.2233
  0.4783  0.1879
  0.4662  0.1732
  0.4498  0.1862
  0.4446  0.2095
  0.4438  0.2380
  0.4317  0.2691
  0.4343  0.2527
  0.4317  0.2276
  0.4256  0.2104
  0.4170  0.1957
  0.4084  0.1922
  0.4040  0.1922
5
  0.5267  0.6179
  0.5259  0.6213
  0.5267  0.6300
  0.5259  0.6438
  0.5241  0.6481
6
  0.6422  0.6049
  0.6327  0.6041
  0.6215  0.6041
  0.6120  0.6075
  0.5999  0.6162
  0.6007  0.6162
5
  0.3974  0.6507
  0.3819  0.6490
  0.3706  0.6438
  0.3620  0.6300
  0.3594  0.6188 