62
16
 -0.7209  0.1932
 -0.4061  0.1713
 -0.4082  0.1773
 -0.4103  0.1872
 -0.4082  0.1972
 -0.4019  0.1992
 -0.3956  0.1992
 -0.3935  0.1872
 -0.3956  0.1853
 -0.3956  0.1614
 -0.3599  0.1574
 -0.3494  0.1673
 -0.0766  0.1315
 -0.1921 -0.0398
 -0.8867  0.0578
 -0.7230  0.1972
10
 -0.3557  0.1693
 -0.4040  0.1136
 -0.4082  0.1076
 -0.1291  0.0697
 -0.0850  0.1295
 -0.0808  0.1415
 -0.1249  0.0797
 -0.4040  0.1155
 -0.3557  0.1733
 -0.0808  0.1415
8
 -0.1018  0.1255
 -0.3662  0.1534
 -0.3746  0.1454
 -0.1018  0.1215
 -0.1144  0.1076
 -0.3830  0.1335
 -0.3914  0.1255
 -0.1228  0.0976
22
 -0.4082  0.1115
 -0.4061  0.1036
 -0.4711  0.0100
 -0.2298 -0.0239
 -0.1648  0.0697
 -0.4061  0.1056
 -0.4166  0.0936
 -0.1711  0.0617
 -0.1878  0.0538
 -0.4270  0.0817
 -0.4334  0.0737
 -0.1921  0.0458
 -0.1962  0.0299
 -0.4397  0.0697
 -0.4523  0.0538
 -0.2067  0.0219
 -0.2151  0.0080
 -0.4565  0.0478
 -0.4670  0.0279
 -0.2235  0.0000
 -0.2319 -0.0119
 -0.4753  0.0199
7
 -0.8867  0.0638
 -0.8846  0.0538
 -0.1941 -0.0458
 -0.0808  0.1235
 -0.0116  0.0837
 -0.0074  0.0896
 -0.0829  0.1355
11
 -0.8615  0.0458
 -0.8594 -0.0896
 -0.8909 -0.1036
 -0.8888 -0.1215
 -0.8615 -0.1275
 -0.8636 -0.2570
 -0.2067 -0.3945
 -0.0829 -0.2351
 -0.2025 -0.2151
 -0.2025 -0.0398
 -0.8636  0.0518
2
 -0.2004 -0.0458
 -0.2046 -0.3945
20
 -0.2046 -0.1972
 -0.2298 -0.2132
 -0.8909 -0.1016
 -0.8573 -0.0857
 -0.8426 -0.0877
 -0.8405 -0.0877
 -0.4711 -0.1454
 -0.4733 -0.1494
 -0.2067 -0.1872
 -0.2172 -0.2032
 -0.8678 -0.0916
 -0.8783 -0.0956
 -0.2277 -0.2052
 -0.2277 -0.2132
 -0.4208 -0.1733
 -0.3893 -0.1634
 -0.5635 -0.1335
 -0.5887 -0.1474
 -0.7649 -0.1195
 -0.7272 -0.1056
20
 -0.8909 -0.1016
 -0.8909 -0.1195
 -0.2256 -0.2291
 -0.2277 -0.2151
 -0.2025 -0.1952
 -0.2025 -0.2171
 -0.2193 -0.2291
 -0.2214 -0.3825
 -0.8405 -0.2550
 -0.8405 -0.1255
 -0.8174 -0.1295
 -0.8216 -0.2550
 -0.7922 -0.2610
 -0.7943 -0.1335
 -0.7293 -0.1434
 -0.7293 -0.2729
 -0.7629 -0.2649
 -0.7607 -0.2331
 -0.7880 -0.2211
 -0.7293 -0.2370
30
 -0.7251 -0.1514
 -0.7293 -0.2789
 -0.7020 -0.2829
 -0.7020 -0.1534
 -0.6747 -0.1593
 -0.6747 -0.2908
 -0.6453 -0.2948
 -0.6475 -0.1593
 -0.6075 -0.1693
 -0.6160 -0.3008
 -0.6475 -0.2948
 -0.6453 -0.2669
 -0.6160 -0.2729
 -0.6097 -0.1673
 -0.6453 -0.1574
 -0.6453 -0.2948
 -0.5802 -0.3127
 -0.5782 -0.1733
 -0.5404 -0.1812
 -0.5404 -0.3227
 -0.5068 -0.3307
 -0.5089 -0.1833
 -0.4670 -0.1992
 -0.4690 -0.3346
 -0.5089 -0.3267
 -0.5068 -0.2868
 -0.4690 -0.2948
 -0.4670 -0.1992
 -0.5110 -0.1833
 -0.5047 -0.2889
28
 -0.5110 -0.1913
 -0.4690 -0.1972
 -0.4397 -0.2012
 -0.4397 -0.3366
 -0.3998 -0.3446
 -0.3998 -0.3108
 -0.3725 -0.3187
 -0.3725 -0.3486
 -0.3348 -0.3546
 -0.3326 -0.2192
 -0.4334 -0.2052
 -0.4355 -0.2968
 -0.3389 -0.3207
 -0.3326 -0.2251
 -0.4355 -0.2091
 -0.4334 -0.2968
 -0.3326 -0.3187
 -0.3348 -0.3486
 -0.3011 -0.3606
 -0.3011 -0.2192
 -0.2718 -0.2251
 -0.2738 -0.3685
 -0.2151 -0.3844
 -0.2172 -0.2411
 -0.2697 -0.2351
 -0.2193 -0.2391
 -0.2172 -0.2291
 -0.2172 -0.3865
13
 -0.6160  0.1892
 -0.6327  0.2211
 -0.5950  0.3147
 -0.5404  0.3586
 -0.5236  0.3666
 -0.4607  0.3984
 -0.4040  0.3526
 -0.3809  0.3307
 -0.3830  0.3088
 -0.3746  0.2889
 -0.3788  0.2530
 -0.3368  0.2450
 -0.3683  0.2052
14
 -0.5089  0.3765
 -0.5530  0.4123
 -0.5950  0.4263
 -0.6558  0.4402
 -0.7398  0.4223
 -0.7817  0.3984
 -0.8216  0.3406
 -0.8195  0.3048
 -0.8174  0.2391
 -0.8090  0.2032
 -0.7754  0.1992
 -0.7754  0.1793
 -0.7775  0.1693
 -0.7712  0.1693
28
 -0.8300  0.1215
 -0.8552  0.1195
 -0.8447  0.1474
 -0.8468  0.1793
 -0.8573  0.1872
 -0.8888  0.2669
 -0.9266  0.3267
 -0.9349  0.3825
 -0.9329  0.3805
 -0.9329  0.4044
 -0.9307  0.4164
 -0.9517  0.4203
 -0.9517  0.4123
 -0.9496  0.3606
 -0.9412  0.3088
 -0.9559  0.2868
 -0.9454  0.2391
 -0.9539  0.2370
 -0.9643  0.2251
 -0.9475  0.1972
 -0.9475  0.1753
 -0.9580  0.1753
 -0.9685  0.1315
 -0.9664  0.0837
 -0.9874  0.0777
 -0.9937  0.0518
 -0.9832  0.0219
 -0.9853  0.0179
36
 -0.8384 -0.3327
 -0.8531 -0.3327
 -0.8762 -0.3346
 -0.9202 -0.3187
 -0.9371 -0.3147
 -0.9643 -0.2988
 -0.9832 -0.2809
 -0.9643 -0.2589
 -0.9559 -0.2351
 -0.9412 -0.2331
 -0.9349 -0.2311
 -0.9266 -0.2192
 -0.9202 -0.2132
 -0.9077 -0.2132
 -0.9056 -0.2072
 -0.8972 -0.2291
 -0.8929 -0.2251
 -0.8846 -0.2331
 -0.8804 -0.2370
 -0.8804 -0.2570
 -0.8678 -0.2570
 -0.8594 -0.2490
 -0.8552 -0.2450
 -0.8468 -0.2351
 -0.8426 -0.2510
 -0.8342 -0.2510
 -0.8195 -0.2550
 -0.8048 -0.2610
 -0.7754 -0.2550
 -0.7692 -0.2789
 -0.7775 -0.2849
 -0.7734 -0.3008
 -0.8027 -0.3187
 -0.8090 -0.3307
 -0.8174 -0.3307
 -0.8237 -0.3327
18
 -0.9706 -0.1653
 -0.9622 -0.1554
 -0.9454 -0.1574
 -0.9244 -0.1534
 -0.8825 -0.1634
 -0.8825 -0.1793
 -0.8741 -0.1992
 -0.8720 -0.2052
 -0.8867 -0.2112
 -0.9014 -0.2052
 -0.8993 -0.2072
 -0.9077 -0.2012
 -0.9286 -0.2251
 -0.9517 -0.2171
 -0.9664 -0.2411
 -0.9769 -0.1972
 -0.9811 -0.1992
 -0.9853 -0.1812
27
 -0.1983 -0.1992
 -0.2046 -0.2032
  0.0808 -0.2411
  0.4145 -0.1773
  0.4166 -0.1992
  0.0787 -0.2610
 -0.2004 -0.2171
 -0.2025 -0.1992
 -0.1962 -0.1972
 -0.1921 -0.1673
 -0.1983 -0.1653
 -0.1962 -0.1554
 -0.1962 -0.1574
 -0.1921 -0.1275
 -0.1983 -0.1175
 -0.1941 -0.1175
  0.0787 -0.1514
  0.0787 -0.1494
  0.4061 -0.0996
  0.3305 -0.0737
  0.3389 -0.0737
  0.4124 -0.1016
  0.0787 -0.1554
 -0.1983 -0.1175
 -0.1962 -0.1315
  0.0787 -0.1673
  0.0787 -0.1574
10
  0.0787 -0.1713
  0.0850 -0.1653
  0.4145 -0.1175
  0.4145 -0.1136
  0.4166 -0.1056
  0.3326 -0.0737
  0.3221 -0.0737
  0.3221 -0.1175
  0.3284 -0.1136
  0.3305 -0.0777
20
  0.3515  0.1833
  0.3494  0.1833
  0.3473  0.1812
  0.5845  0.2072
  0.7629  0.0877
  0.7629  0.0896
  0.4880  0.0638
  0.3494  0.1872
  0.3494  0.1793
  0.4858  0.0538
  0.7649  0.0837
  0.7607  0.0877
  0.4858  0.0578
  0.4858  0.0538
  0.4880  0.0538
  0.4880  0.0498
  0.4837 -0.1016
  0.7167 -0.0638
  0.7188  0.0000
  0.4858 -0.0338
43
  0.4963 -0.1793
  0.4984 -0.1793
  0.5005 -0.1793
  0.4963 -0.1713
  0.4984 -0.1713
  0.4984 -0.1673
  0.5068 -0.1733
  0.5047 -0.1812
  0.5005 -0.1853
  0.4963 -0.1872
  0.4921 -0.2072
  0.4880 -0.2251
  0.4733 -0.2271
  0.4628 -0.2251
  0.4670 -0.2331
  0.4775 -0.2331
  0.4942 -0.2311
  0.4963 -0.2231
  0.4900 -0.2510
  0.5047 -0.2610
  0.5215 -0.2450
  0.5152 -0.2151
  0.5047 -0.1972
  0.5026 -0.1872
  0.4963 -0.1932
  0.4880 -0.2171
  0.4733 -0.2251
  0.4858 -0.2291
  0.4921 -0.2589
  0.4963 -0.2829
  0.4880 -0.2948
  0.4837 -0.2968
  0.4880 -0.3108
  0.4921 -0.3048
  0.5005 -0.2928
  0.5068 -0.3187
  0.5110 -0.3227
  0.5131 -0.3207
  0.5047 -0.2868
  0.5068 -0.2630
  0.5152 -0.2550
  0.5089 -0.2630
  0.5047 -0.2689
24
  0.3305 -0.2370
  0.3326 -0.2411
  0.3368 -0.2430
  0.4040 -0.2669
  0.4061 -0.2649
  0.4040 -0.2032
  0.4103 -0.2052
  0.4103 -0.2649
  0.4711 -0.2391
  0.4397 -0.2231
  0.4397 -0.2192
  0.4103 -0.2231
  0.4103 -0.2311
  0.4061 -0.2032
  0.4061 -0.2012
  0.4061 -0.2649
  0.4019 -0.2589
  0.4061 -0.2032
  0.4166 -0.1952
  0.4124 -0.1773
  0.4082 -0.1773
  0.4082 -0.1574
  0.3998 -0.1614
  0.4040 -0.1753
14
 -0.1962 -0.1534
 -0.1962 -0.1653
 -0.1983 -0.1614
  0.0829 -0.2132
  0.4103 -0.1534
  0.4124 -0.1434
  0.0829 -0.2032
 -0.1983 -0.1554
 -0.1983 -0.1673
  0.0787 -0.2112
  0.0829 -0.2032
  0.0808 -0.2012
  0.4124 -0.1434
  0.4124 -0.1514
9
 -0.1941 -0.1374
 -0.1899 -0.1355
 -0.1857 -0.1335
 -0.1921 -0.1534
 -0.1857 -0.1593
 -0.1857 -0.1394
 -0.1773 -0.1374
 -0.1816 -0.1614
 -0.1921 -0.1593
31
 -0.1816 -0.1315
 -0.1816 -0.1415
 -0.1773 -0.1972
 -0.1857 -0.2012
 -0.1857 -0.1374
 -0.1962 -0.1355
 -0.1921 -0.1972
 -0.1857 -0.1992
 -0.0808 -0.2112
 -0.0829 -0.1574
 -0.0724 -0.1554
 -0.0724 -0.1534
 -0.0724 -0.2112
 -0.0787 -0.2151
 -0.0703 -0.1514
 -0.0808 -0.1474
 -0.0850 -0.2171
  0.0787 -0.2391
  0.0787 -0.1693
  0.0850 -0.1733
  0.0871 -0.2370
  0.0787 -0.2411
  0.0850 -0.2370
  0.2613 -0.2032
  0.2613 -0.1454
  0.2676 -0.1394
  0.2718 -0.2012
  0.4061 -0.1773
  0.4061 -0.1315
  0.4103 -0.1215
  0.4103 -0.1753
55
  0.0787 -0.0538
  0.0808 -0.0538
  0.0682 -0.0538
  0.0619 -0.0638
  0.0640 -0.0717
  0.0577 -0.0877
  0.0598 -0.1056
  0.0598 -0.1235
  0.0598 -0.1335
  0.0745 -0.1394
  0.0682 -0.1514
  0.0682 -0.1554
  0.0766 -0.1514
  0.0871 -0.1394
  0.0913 -0.1275
  0.0913 -0.1115
  0.0871 -0.1096
  0.0682 -0.0936
  0.0913 -0.1115
  0.1060 -0.1155
  0.1102 -0.1115
  0.1039 -0.1115
  0.0913 -0.1036
  0.0829 -0.0837
  0.0745 -0.0757
  0.0661 -0.0638
  0.0829 -0.0478
  0.0745 -0.0638
  0.0829 -0.0697
  0.0787 -0.0617
  0.0829 -0.0518
  0.0766 -0.0458
  0.0703 -0.0259
  0.0556 -0.0040
  0.0451  0.0139
  0.0262  0.0458
  0.0031  0.0697
 -0.0179  0.0996
 -0.0284  0.1195
 -0.0199  0.1255
 -0.0116  0.1255
  0.0011  0.1295
 -0.0262  0.1255
 -0.0389  0.1215
 -0.0808  0.1634
 -0.0934  0.1733
 -0.0955  0.1972
 -0.0976  0.2271
 -0.0451  0.2809
  0.0179  0.3008
  0.0787  0.2968
  0.1375  0.3008
  0.1962  0.2809
  0.1983  0.2311
  0.1962  0.2311
20
  0.1165 -0.1115
  0.1123 -0.1115
  0.1081 -0.1235
  0.1018 -0.1335
  0.1018 -0.1494
  0.1123 -0.1494
  0.1270 -0.1494
  0.1270 -0.1454
  0.1480 -0.1295
  0.1311 -0.1355
  0.1144 -0.1115
  0.1081 -0.1136
  0.1123 -0.1315
  0.1438 -0.1295
  0.1438 -0.1096
  0.1333 -0.0916
  0.1521 -0.0896
  0.1458 -0.1036
  0.1416 -0.1136
  0.1416 -0.1255
22
  0.1731 -0.0697
  0.1689 -0.0737
  0.1626 -0.0976
  0.1648 -0.0976
  0.1752 -0.0837
  0.1731 -0.1016
  0.1962 -0.1115
  0.2067 -0.1295
  0.2256 -0.1415
  0.2172 -0.1315
  0.1983 -0.1335
  0.1962 -0.1335
  0.1794 -0.1056
  0.1668 -0.0976
  0.1501 -0.1355
  0.1606 -0.1335
  0.1584 -0.1096
  0.1606 -0.1474
  0.1941 -0.1295
  0.1731 -0.0976
  0.1626 -0.0976
  0.1648 -0.0896
14
  0.1606 -0.1593
  0.1606 -0.1614
  0.1731 -0.1733
  0.1752 -0.1793
  0.1752 -0.1853
  0.1921 -0.1872
  0.1816 -0.1693
  0.1626 -0.1693
  0.1983 -0.1634
  0.2004 -0.1534
  0.2004 -0.1593
  0.1921 -0.1773
  0.1921 -0.1812
  0.1921 -0.1793
9
  0.0892 -0.1793
  0.0934 -0.1773
  0.1018 -0.1693
  0.0955 -0.1693
  0.0850 -0.1812
  0.1081 -0.1693
  0.1165 -0.1872
  0.1311 -0.1853
  0.1270 -0.1673
10
 -0.1458 -0.2291
 -0.1438 -0.2271
 -0.1458 -0.2351
 -0.1416 -0.3247
 -0.1416 -0.3187
 -0.1375 -0.3227
 -0.1396 -0.2351
 -0.1311 -0.2291
 -0.1333 -0.3168
 -0.1375 -0.3267
31
  0.0451 -0.2669
  0.0472 -0.2630
  0.0472 -0.3486
  0.0493 -0.3526
  0.0535 -0.2649
  0.0577 -0.2669
  0.0619 -0.3486
  0.0535 -0.3565
  0.0535 -0.2630
  0.0808 -0.2669
  0.2151 -0.2370
  0.2151 -0.2928
  0.2193 -0.3008
  0.2214 -0.2351
  0.2277 -0.2331
  0.2214 -0.2988
  0.2193 -0.2351
  0.4019 -0.2012
  0.4019 -0.2669
  0.4082 -0.2610
  0.4082 -0.2052
  0.4082 -0.1992
  0.4124 -0.1733
  0.4082 -0.1693
  0.4124 -0.1534
  0.4061 -0.1434
  0.4040 -0.1315
  0.4418 -0.1614
  0.4375 -0.1474
  0.4397 -0.1494
  0.4061 -0.1195
37
  0.3473  0.1833
  0.3494  0.1812
  0.2382  0.1175
 -0.0409  0.0777
 -0.0745  0.0617
 -0.0745  0.0538
  0.0052  0.0458
  0.0052  0.0558
  0.0074  0.0498
  0.3326  0.1016
  0.3326  0.1076
  0.0094  0.0578
  0.0094  0.0538
  0.0304  0.0498
  0.0451  0.0418
  0.0556  0.0199
  0.0682  0.0119
  0.0787 -0.0119
  0.0850 -0.0338
  0.0913 -0.0299
  0.1018  0.0040
  0.1018  0.0219
  0.1018  0.0538
  0.1060  0.0797
  0.1311  0.1096
  0.1563  0.1415
  0.1584  0.1693
  0.1521  0.1913
  0.1563  0.1853
  0.1648  0.1952
  0.1543  0.1733
  0.1543  0.1315
  0.1416  0.1454
  0.1291  0.1833
  0.1123  0.2012
  0.1228  0.1892
  0.1311  0.1793
87
  0.1521 -0.0578
  0.1584 -0.0478
  0.1794 -0.0299
  0.1921 -0.0119
  0.1983  0.0100
  0.1983  0.0439
  0.1983  0.0717
  0.2193  0.0936
  0.2214  0.1056
  0.2256  0.1115
  0.2298  0.1215
  0.2529  0.1454
  0.2613  0.1793
  0.2613  0.1992
  0.2592  0.2192
  0.2550  0.2211
  0.2529  0.2351
  0.2571  0.2271
  0.2718  0.2430
  0.2738  0.2351
  0.2676  0.2072
  0.2655  0.1872
  0.2655  0.1693
  0.2592  0.1474
  0.2382  0.1275
  0.2277  0.1215
  0.2256  0.1793
  0.2193  0.2032
  0.2214  0.1972
  0.2277  0.1733
  0.2088  0.1833
  0.2172  0.1753
  0.2277  0.1534
  0.2256  0.1335
  0.2277  0.1076
  0.2256  0.0916
  0.2214  0.0797
  0.2151  0.0658
  0.2130  0.0338
  0.2088  0.0598
  0.2067  0.0797
  0.1941  0.1016
  0.1731  0.1195
  0.1752  0.1335
  0.1921  0.1474
  0.1899  0.1713
  0.1689  0.1753
  0.1752  0.1693
  0.2004  0.1593
  0.1857  0.1454
  0.1731  0.1335
  0.2109  0.0916
  0.2109  0.0757
  0.2046  0.0777
  0.1921  0.0996
  0.1668  0.1115
  0.2025  0.0717
  0.2025  0.0259
  0.2004  0.0040
  0.1816 -0.0160
  0.2025  0.0100
  0.2088  0.0259
  0.2193  0.0439
  0.2613  0.0617
  0.2760  0.0777
  0.2886  0.1115
  0.2907  0.1215
  0.2781  0.1136
  0.2738  0.0817
  0.2697  0.0697
  0.2571  0.0498
  0.2235  0.0398
  0.2172  0.0319
  0.2067  0.0199
  0.1816 -0.0100
  0.1521 -0.0338
  0.1438  0.0020
  0.1458  0.0259
  0.1375  0.0478
  0.1060  0.0737
  0.0913  0.0877
  0.0871  0.1155
  0.1018  0.0877
  0.1102  0.0797
  0.1165  0.0558
  0.0870  0.0857
  0.0766  0.1016
39
  0.1480  0.0996
  0.1416  0.0916
  0.1375  0.0658
  0.1207  0.0458
  0.1144  0.0259
  0.1228 -0.0020
  0.1081 -0.0119
  0.1102 -0.0379
  0.1081 -0.0538
  0.1039 -0.0697
  0.1018 -0.0797
  0.1039 -0.0757
  0.1018 -0.0697
  0.2130 -0.0219
  0.2151 -0.0259
  0.1899 -0.0379
  0.1648 -0.0398
  0.1521 -0.0439
  0.1501 -0.0498
  0.1458 -0.0439
  0.1438 -0.0598
  0.1249 -0.0538
  0.1039 -0.0578
  0.1291 -0.0677
  0.1521 -0.0498
  0.1584 -0.0518
  0.1689 -0.0658
  0.1962 -0.0518
  0.1921 -0.0418
  0.1501 -0.0538
  0.1941 -0.0379
  0.2130 -0.0379
  0.2319 -0.0439
  0.2298 -0.0398
  0.2361 -0.0558
  0.2655 -0.0498
  0.2109 -0.0439
  0.2025 -0.0458
  0.2004 -0.0439
25
  0.0808  0.0777
  0.0640  0.0896
  0.0535  0.0996
  0.0451  0.1275
  0.0409  0.1593
  0.0598  0.1992
  0.0535  0.2291
  0.0535  0.2709
  0.0808  0.3048
  0.1186  0.3466
  0.1668  0.3765
  0.2172  0.3904
  0.2613  0.3745
  0.2928  0.3486
  0.3326  0.3406
  0.3368  0.2948
  0.3431  0.2589
  0.3494  0.2291
  0.3326  0.1793
  0.3305  0.1394
  0.3326  0.0916
  0.3116  0.0538
  0.2823  0.0458
  0.2508  0.0119
  0.2277  0.0020
14
  0.2172  0.0737
  0.2214  0.0757
  0.2214 -0.0658
  0.2655 -0.0697
  0.2655 -0.0956
  0.3138 -0.0976
  0.3158 -0.1195
  0.3200 -0.0638
  0.4733 -0.1175
  0.4733 -0.1016
  0.4733  0.0558
  0.3431  0.1753
  0.3431  0.1733
  0.2298  0.0976
10
  0.4585  0.0538
  0.4585  0.0518
  0.3158  0.0757
  0.3180  0.0160
  0.4565 -0.0139
  0.4565 -0.0338
  0.3053  0.0119
  0.3033  0.0717
  0.4607  0.0578
  0.4565 -0.0338
19
  0.4837  0.0498
  0.4900  0.0498
  0.4880 -0.0319
  0.4880 -0.0259
  0.7209  0.0000
  0.7209  0.0777
  0.6978  0.0717
  0.6936  0.0060
  0.4858 -0.0299
  0.4858 -0.0319
  0.4900 -0.0319
  0.4900 -0.0279
  0.4858  0.0299
  0.4963  0.0398
  0.5152  0.0160
  0.5845 -0.0100
  0.4858 -0.0319
  0.4900  0.0100
  0.5152  0.0160
12
  0.7209 -0.0020
  0.7251  0.0020
  0.5236  0.0319
  0.5236  0.0338
  0.5215  0.0458
  0.5026  0.0498
  0.5068  0.0279
  0.5047  0.0518
  0.5215  0.0498
  0.5215  0.0518
  0.5215  0.0338
  0.6978  0.0060
28
  0.7356  0.0777
  0.7377  0.0777
  0.7356 -0.0638
  0.7377 -0.0658
  0.7377 -0.0757
  0.7335 -0.1096
  0.7356 -0.1076
  0.5173 -0.2072
  0.5026 -0.1872
  0.4984 -0.1992
  0.5026 -0.1634
  0.4963 -0.1773
  0.4880 -0.2192
  0.4858 -0.2231
  0.4775 -0.2251
  0.4775 -0.1195
  0.3851 -0.0916
  0.3893 -0.0916
  0.3620 -0.0658
  0.4753 -0.1076
  0.4775 -0.1195
  0.3893 -0.0877
  0.3725 -0.0677
  0.4753 -0.1096
  0.7356 -0.0638
  0.7398 -0.0737
  0.4795 -0.1195
  0.4775 -0.1096
21
  0.7629 -0.1076
  0.7587 -0.0956
  0.7587 -0.0060
  0.7482  0.0100
  0.7398  0.0338
  0.7461  0.0139
  0.7649 -0.0100
  0.7629  0.0199
  0.7566  0.0518
  0.7566  0.0737
  0.7607  0.0458
  0.7775  0.0777
  0.7817  0.1115
  0.7797  0.0837
  0.7649  0.0558
  0.7607  0.0100
  0.8007  0.0638
  0.8048  0.0677
  0.8027  0.0658
  0.7902  0.0598
  0.7902  0.0617
23
  0.6348  0.0259
  0.6370  0.0239
  0.6327  0.0259
  0.6327  0.0319
  0.6348  0.0638
  0.6390  0.0638
  0.6327  0.0338
  0.6348  0.0418
  0.6453  0.0617
  0.6516  0.0658
  0.6327  0.0458
  0.6348  0.0439
  0.6265  0.0578
  0.6222  0.0677
  0.7566  0.0916
  0.7544 -0.1036
  0.7712 -0.0996
  0.7607  0.0717
  0.7524  0.1514
  0.7502  0.1394
  0.7251  0.1574
  0.7797  0.1932
  0.7922  0.1773
26
  0.8426  0.0677
  0.8573  0.0777
  0.8762  0.0996
  0.8804  0.1195
  0.8636  0.1653
  0.8468  0.2072
  0.8405  0.2450
  0.8489  0.2948
  0.8153  0.3227
  0.7734  0.3526
  0.7439  0.3466
  0.7335  0.3625
  0.6957  0.3406
  0.6726  0.3068
  0.6642  0.2948
  0.7062  0.3506
  0.6915  0.3586
  0.6642  0.3745
  0.6285  0.3805
  0.5782  0.3187
  0.5719  0.2868
  0.5404  0.2610
  0.5320  0.2311
  0.5572  0.2311
  0.5530  0.2291
  0.5530  0.2251
1
  0.5530  0.2251
9
  0.6747  0.3028
  0.6726  0.2908
  0.6558  0.2769
  0.6475  0.2550
  0.6327  0.2311
  0.6390  0.2032
  0.6432  0.1872
  0.6453  0.1753
  0.6432  0.1673
37
  0.0284  0.0638
  0.0346  0.0617
  0.0304  0.0598
 -0.0325  0.0757
  0.0284  0.0837
  0.0976  0.0697
  0.1375  0.0757
  0.0808  0.0777
  0.1165  0.0837
  0.1668  0.0837
  0.2109  0.0877
  0.1626  0.1056
  0.2109  0.1036
  0.2613  0.0916
  0.2928  0.0877
  0.2382  0.1115
  0.2718  0.1155
  0.3284  0.1016
  0.3348  0.0936
  0.0094  0.0418
  0.0094  0.0439
 -0.0745  0.0538
 -0.0703  0.0638
 -0.0703  0.0617
  0.0074  0.0538
  0.0284  0.0638
 -0.0325  0.0737
 -0.0304  0.0717
  0.0745  0.0677
  0.0535  0.0817
  0.0913  0.0777
  0.1711  0.0777
  0.1186  0.0817
  0.2151  0.0857
  0.2025  0.1056
  0.2571  0.1096
  0.2970  0.1056
67
 -0.0745  0.0398
 -0.0703  0.0319
  0.0157  0.0239
  0.0136  0.0179
 -0.1228 -0.0458
 -0.1228 -0.0379
 -0.1731 -0.0299
 -0.1648 -0.0060
 -0.1606 -0.0119
 -0.0997 -0.0160
 -0.0745 -0.0020
 -0.1416  0.0040
 -0.1270  0.0160
 -0.0493  0.0060
 -0.0304  0.0139
 -0.1018  0.0119
 -0.0850  0.0299
 -0.0116  0.0179
  0.0157  0.0299
 -0.0703  0.0418
 -0.1584 -0.0020
 -0.1584  0.0000
 -0.1711 -0.0279
 -0.1186 -0.0379
  0.0136  0.0219
  0.0116  0.0239
 -0.0724  0.0379
 -0.1543 -0.0020
 -0.1711 -0.0259
 -0.1773 -0.0398
 -0.1207 -0.0458
 -0.1228 -0.0338
 -0.1270 -0.0439
 -0.1249 -0.1275
 -0.1207 -0.1295
 -0.1165 -0.1355
 -0.1165 -0.0458
 -0.1207 -0.0398
 -0.1186 -0.0338
  0.0116  0.0299
 -0.0179  0.0100
 -0.0262  0.0080
 -0.0304 -0.0100
 -0.0325 -0.0100
 -0.0346 -0.0319
 -0.0367 -0.0100
 -0.0472 -0.0160
 -0.0535 -0.0100
 -0.0493 -0.0119
 -0.0535  0.0060
 -0.0598  0.0080
 -0.0389  0.0080
 -0.0325  0.0160
 -0.0199  0.0179
 -0.0304  0.0219
 -0.0409  0.0259
 -0.0451  0.0100
 -0.0493  0.0119
 -0.0430  0.0000
 -0.0346 -0.0100
 -0.0430 -0.0338
 -0.0472 -0.0319
 -0.0472 -0.0439
 -0.0430 -0.0558
 -0.0304 -0.0359
 -0.0367 -0.0119
 -0.0346 -0.0119
51
  0.0116  0.0319
  0.0116  0.0299
  0.0157  0.0219
  0.0136  0.0279
  0.0157 -0.0936
  0.0136 -0.0956
  0.0136  0.0199
  0.0052  0.0139
  0.0074 -0.0976
  0.0094  0.0119
  0.0116  0.0160
 -0.0262 -0.0020
 -0.0787 -0.0160
 -0.0934 -0.0299
 -0.0892 -0.0398
 -0.0724 -0.0478
 -0.0577 -0.0478
 -0.0724 -0.0717
 -0.0850 -0.0837
 -0.0766 -0.0538
 -0.0535 -0.0418
 -0.0661 -0.0498
 -0.0703 -0.0578
 -0.0598 -0.0837
 -0.0766 -0.0398
 -0.0598 -0.0219
 -0.0556 -0.0060
 -0.0829 -0.0060
 -0.1102 -0.0338
 -0.1144 -0.0279
 -0.1207 -0.0040
 -0.1249 -0.0040
 -0.0703 -0.0100
 -0.0535 -0.0319
 -0.0703 -0.0458
 -0.0787 -0.0478
 -0.0829 -0.0100
 -0.1039 -0.0160
 -0.1291 -0.0338
 -0.1438 -0.0179
 -0.1458 -0.0119
 -0.1311  0.0139
 -0.0724  0.0219
 -0.0703  0.0119
 -0.1060 -0.0119
 -0.1333 -0.0100
 -0.0493  0.0319
  0.0136  0.0538
  0.0284  0.0518
  0.0284  0.0498
  0.0304  0.0518
4
 -0.0871 -0.1315
 -0.0871 -0.1295
 -0.0871 -0.1235
  0.0094 -0.0757
6
 -0.1543 -0.0439
 -0.1543 -0.0418
 -0.1501 -0.1255
 -0.1270 -0.1275
 -0.1270 -0.0439
 -0.1543 -0.0398
12
 -0.1480 -0.1394
 -0.1458 -0.1374
 -0.1501 -0.1634
 -0.1270 -0.1494
 -0.1249 -0.1415
 -0.1480 -0.1434
 -0.1291 -0.1434
 -0.1249 -0.1693
 -0.1186 -0.1693
 -0.1186 -0.1454
 -0.1144 -0.1494
 -0.1186 -0.1713
19
  0.4585  0.0398
  0.4565  0.0439
  0.3977  0.0338
  0.4103  0.0060
  0.3956  0.0359
  0.3515  0.0478
  0.3389  0.0139
  0.3158  0.0119
  0.3305  0.0538
  0.3410  0.0578
  0.3872  0.0598
  0.4208  0.0498
  0.4565  0.0518
  0.4585  0.0518
  0.4565  0.0439
  0.4565  0.0458
  0.4460  0.0359
  0.4040  0.0379
  0.3977  0.0319
5
  0.3935  0.0398
  0.3935  0.0299
  0.3998  0.0060
  0.4082  0.0020
  0.4585  0.0100
32
 -0.9643  0.4642
 -0.9601  0.4701
 -0.9244  0.5000
 -0.8615  0.5179
 -0.8153  0.5259
 -0.7544  0.5398
 -0.7167  0.5677
 -0.6600  0.5917
 -0.5824  0.6136
 -0.4963  0.6494
 -0.4250  0.6773
 -0.3053  0.7271
 -0.2214  0.7071
 -0.1941  0.6952
 -0.1416  0.6932
 -0.1144  0.6852
 -0.0367  0.6912
  0.0367  0.6594
  0.1060  0.6554
  0.1921  0.6872
  0.2529  0.7172
  0.3389  0.6773
  0.4019  0.6633
  0.4733  0.6454
  0.5278  0.6195
  0.5824  0.5956
  0.6600  0.5797
  0.7649  0.5339
  0.8174  0.5119
  0.8531  0.4880
  0.9391  0.4681
  0.9601  0.4761
30
 -0.8363  0.0538
 -0.8363  0.0398
 -0.8363  0.0478
 -0.8363 -0.0916
 -0.8342 -0.0797
 -0.8153 -0.0936
 -0.8174 -0.0916
 -0.8153  0.0398
 -0.7817  0.0418
 -0.7817  0.0439
 -0.7817 -0.0936
 -0.7607 -0.1016
 -0.7607  0.0319
 -0.7251  0.0319
 -0.7293 -0.1036
 -0.7062 -0.1115
 -0.7062 -0.1076
 -0.7062  0.0259
 -0.6768  0.0219
 -0.6789 -0.1136
 -0.6432 -0.1215
 -0.6453  0.0199
 -0.6180  0.0139
 -0.6160 -0.1255
 -0.5740 -0.1295
 -0.5740 -0.1016
 -0.5341 -0.1056
 -0.5362 -0.1335
 -0.5047 -0.1394
 -0.5089  0.0000
21
 -0.4690 -0.0080
 -0.4670 -0.0040
 -0.4690 -0.1474
 -0.5047 -0.1394
 -0.5089 -0.1136
 -0.6097 -0.0956
 -0.6139  0.0020
 -0.5068 -0.0119
 -0.5068 -0.0080
 -0.5089 -0.1136
 -0.6075 -0.0896
 -0.6097  0.0060
 -0.5047 -0.0100
 -0.5005 -0.0040
 -0.5005 -0.1454
 -0.8426 -0.0797
 -0.2151 -0.1812
 -0.2151 -0.1872
 -0.2172 -0.1992
 -0.2025 -0.1913
 -0.8615 -0.0896
6
 -0.7314 -0.0757
 -0.7293 -0.0737
 -0.7293 -0.0717
 -0.7607 -0.0638
 -0.7587  0.0239
 -0.7251  0.0259
68
 -0.4397 -0.0060
 -0.4439 -0.0100
 -0.4565 -0.0279
 -0.4585 -0.0398
 -0.4628 -0.0638
 -0.4648 -0.1136
 -0.4585 -0.1474
 -0.4585 -0.1454
 -0.4607 -0.1434
 -0.4607 -0.1394
 -0.2172 -0.1812
 -0.2760 -0.1753
 -0.2738 -0.1593
 -0.2738 -0.1335
 -0.2738 -0.0936
 -0.2738 -0.0578
 -0.2592 -0.0398
 -0.2550 -0.0379
 -0.2550 -0.0359
 -0.2571 -0.0359
 -0.3116 -0.0319
 -0.3243 -0.0697
 -0.3263 -0.1394
 -0.3263 -0.1713
 -0.3746 -0.1614
 -0.3704 -0.1474
 -0.3725 -0.0896
 -0.3620 -0.0338
 -0.3536 -0.0319
 -0.4019 -0.0219
 -0.4145 -0.0598
 -0.4145 -0.1335
 -0.4124 -0.1534
 -0.4648 -0.1374
 -0.4585 -0.0379
 -0.4523 -0.0160
 -0.4543 -0.0179
 -0.2172 -0.0458
 -0.4523 -0.0139
 -0.4502 -0.0139
 -0.2130 -0.0379
 -0.2151 -0.0498
 -0.2151 -0.0558
 -0.4502 -0.0299
 -0.4543 -0.0717
 -0.4543 -0.0737
 -0.4523 -0.0936
 -0.2151 -0.1115
 -0.2151 -0.1175
 -0.4480 -0.0757
 -0.4523 -0.0936
 -0.2172 -0.1235
 -0.2151 -0.1155
 -0.4543 -0.0757
 -0.4502 -0.0976
 -0.4502 -0.0877
 -0.2172 -0.1175
 -0.2130 -0.1155
 -0.4523 -0.0857
 -0.2151 -0.1215
 -0.2151 -0.1275
 -0.4523 -0.0936
 -0.4480 -0.0877
 -0.2151 -0.1175
 -0.2214 -0.0478
 -0.2214 -0.1793
 -0.2109 -0.1812
 -0.2088 -0.0418
30
 -0.4082 -0.0299
 -0.4103 -0.0319
 -0.4082 -0.0319
 -0.4145 -0.1494
 -0.3704 -0.1614
 -0.3620 -0.0319
 -0.3200 -0.0418
 -0.3243 -0.1713
 -0.2738 -0.1793
 -0.2718 -0.1753
 -0.2655 -0.0498
 -0.4375 -0.0279
 -0.4375 -0.0219
 -0.4502 -0.0877
 -0.2172 -0.1215
 -0.2151 -0.1115
 -0.2151 -0.1076
 -0.4523 -0.0877
 -0.4502 -0.0916
 -0.4460 -0.0717
 -0.4418 -0.0817
 -0.4250 -0.0797
 -0.4061 -0.0896
 -0.3893 -0.0877
 -0.3725 -0.0936
 -0.3683 -0.0896
 -0.3662 -0.0916
 -0.3683 -0.0996
 -0.2151 -0.1076
 -0.2151 -0.1096
20
 -0.4418 -0.0976
 -0.4397 -0.1036
 -0.4418 -0.1076
 -0.4355 -0.1175
 -0.4375 -0.1275
 -0.4355 -0.1275
 -0.4355 -0.1235
 -0.2151 -0.1634
 -0.2214 -0.1593
 -0.4460 -0.1315
 -0.4375 -0.1315
 -0.4502 -0.1315
 -0.2193 -0.1653
 -0.2172 -0.1693
 -0.2214 -0.1713
 -0.4480 -0.1374
 -0.4502 -0.1036
 -0.4502 -0.0996
 -0.4480 -0.0777
 -0.2151 -0.1056
27
 -0.2697 -0.0498
 -0.2697 -0.0458
 -0.2718 -0.1733
 -0.3221 -0.1634
 -0.3243 -0.0379
 -0.3746 -0.0338
 -0.3725 -0.1614
 -0.4124 -0.1593
 -0.4103 -0.0319
 -0.4103 -0.0279
 -0.4523 -0.0239
 -0.4523 -0.0279
 -0.4543 -0.1474
 -0.4439 -0.1374
 -0.4439 -0.0139
 -0.3641 -0.0259
 -0.3662 -0.0359
 -0.3683 -0.1614
 -0.4166 -0.1494
 -0.4166 -0.1474
 -0.4145 -0.1474
 -0.4187 -0.0279
 -0.3243 -0.0439
 -0.3263 -0.1713
 -0.2738 -0.1733
 -0.2781 -0.1812
 -0.2738 -0.0458
19
 -0.2235 -0.0598
 -0.2256 -0.0598
 -0.2235 -0.0598
 -0.2256 -0.0598
 -0.2256 -0.0518
 -0.4397 -0.0319
 -0.4397 -0.0299
 -0.2172 -0.0638
 -0.2151 -0.0638
 -0.2214 -0.0638
 -0.2214 -0.0617
 -0.2256 -0.0558
 -0.2256 -0.0538
 -0.4480 -0.0338
 -0.4397 -0.1295
 -0.4439 -0.1295
 -0.2130 -0.1614
 -0.2235 -0.1514
 -0.4397 -0.1275 